0.6890
0.3110
0.2390
0.7160
0.150
0.060
0.3026
0.3127
0.45454545454545
0
10
0
0
0
0
0
1
0
0
0
1
0
0
0
1
0
0
0
1
0
0
0
0
0
0
0
0
0
0
0
0
0
0
0
0
0
0
0
0.100000000000000
0.100000000000000
0.050000000000000
0
0.100000000000000
0.100000000000000
0.050000000000000
0
0
0
0
0
1
0
0
0
0.500000000000000
0.500000000000000
0.500000000000000
0.500000000000000
3
2500
6500
10000
0.87277326
0.22692811
-0.09970137
0
0.02146328
0.7957425
0.01715895
0
-0.00704654
-0.05037417
0.24904062
0
1
0
0
0
0
1
0
0
0
0
1
0
0.84989446
-0.03578947
0.02247912
0
-0.00345145
0.86205857
-0.00417986
0
0.00143757
0.01139258
0.98716985
0
0
0
0
0
2.40000000000000
0
0
0
1.0000
420
151
1000
0.125
1.5
0.33333
1
0
0
0
1
0
1
0
0
0
0
0
0
0
0
0
0
0
0
0
0
0
0
0
0
0
0
0
0
0
0
0
0
0
0
0
0
0
0
0
0
0
0
0
0
0
0
0
0
0
0
0
0
0
0
0
0
0
0
0
0
0
0
0
0
0
0
0
0
0
0
0
0
0
2.4
0
1
0
0.20
1
0.20
1
0.2
0.2
0.3
2
1
2
3
2
0.4
1
0.6
1
0.64
0.33
0.3
0.6
0.150
0.060
0.3026
0.3127
0.45454545454545
0
4
2.5
5
2.5
10
2
0.05
1.05
-0.2
1.55
0
1.5
0.1
0.1
90
265
0.35
0.143
-30
14
2
2
-0.5
1.5
0.5
1
0
0
0
0
0
0
0
0
0
0
0
0
0
0
0
0
0
0
0
0
0
0
0
0
0
0
0
0
0
0
0
0
0
0
0
0
0
0
0
0
0
0
0
0
0
0
0
0
0
0
0
0
0
0
0
0
0
0
0
0
0
0
0
0
0
0
0
0
0
0
0
0
0
0
0
0
0
0
0
0
0
0
0
0
0
0
0
0
0
0
0
0
0
0
0
0
0
0
0
0
0
0
0
0
0
0
0
0
0
0
0
0
0
0
0
0
0
0
0
0
0
0
0
0
0
0
0
0
0
0
0
0
0
0
0
0
0
0
0
0
0
0
0
0
0
0
0
1
125
10000
1
1
1
0
0
2
0
2
81
105
131
201
261
325
26
1
0.1
0.5
0.45
0.5
0.45
1
0
12
123
0
1
0.1
0.5
0.5
0.5
0.5
1
0
12
123
0
1
0.1
0.5
0.5
0.5
0.5
1
0
12
123
0
1
0.1
0.5
0.5
0.5
0.5
1
0
12
123
0
1
0.1
0.5
0.5
0.5
0.5
1
0
12
123
0
1
0.1
0.5
0.5
0.5
0.5
1
0
12
123
0
1
0.1
0.5
0.5
0.5
0.5
1
0
12
123
0
0.5
0
50
65
50
65
120
0.05
5
0
50
55
50
55
120
0.05
5
0
50
65
50
65
120
0.05
5
0
50
65
50
65
120
0.05
5
0
50
65
50
65
120
0.05
5
0
50
65
50
65
120
0.05
5
0
50
65
50
65
120
0.05
5
0.1
0
0
12
123
0
-1
0
12
123
0
0
0
12
123
0
0
0
12
123
0
0
0
12
123
0
0
0
12
123
0
0
0
12
123
0
0.3
-10
0.7
0.12
0.96
120
30
40
1
0.7
0.12
0.96
330
3
20
2.2
2.2